CHN;2016;WUH6500;C110470;700;10000000;1200;1200;1200;1200;1200;1200;1200;1200;1200;1200;1200;1200;4;4;4;4;4;4;4;4;4;4;4;4;CNY;20151124
CHN;2016;WUH6500;C110471;700;10000000;1200;1200;1200;1200;1200;1200;1200;1200;1200;1200;1200;1200;4;4;4;4;4;4;4;4;4;4;4;4;CNY;20151124
CHN;2016;WUH6500;C100190;601;10000000;2400;2400;2400;2400;2400;2400;2400;2400;2400;2400;2400;2400;8;8;8;8;8;8;8;8;8;8;8;8;CNY;20151124
CHN;2016;WUH6500;C100190;700;10000000;2400;2400;2400;2400;2400;2400;2400;2400;2400;2400;2400;2400;8;8;8;8;8;8;8;8;8;8;8;8;CNY;20151124
CHN;2016;WUH6500;C100172;700;10000000;3600;3600;3600;3600;3600;3600;3600;3600;3600;3600;3600;3600;12;12;12;12;12;12;12;12;12;12;12;12;CNY;20151124
CHN;2016;WUH6500;C120450;601;10000000;4800;4800;4800;4800;4800;4800;4800;4800;4800;4800;4800;4800;16;16;16;16;16;16;16;16;16;16;16;16;CNY;20151124
CHN;2016;WUH6500;C120450;700;10000000;2400;2400;2400;2400;2400;2400;2400;2400;2400;2400;2400;2400;8;8;8;8;8;8;8;8;8;8;8;8;CNY;20151124
CHN;2016;WUH6500;C120550;501;10000000;10800;10800;10800;10800;10800;10800;10800;10800;10800;10800;10800;10800;36;36;36;36;36;36;36;36;36;36;36;36;CNY;20151124
CHN;2016;WUH6500;C140030;401;10000000;13800;13800;13800;13800;13800;13800;13800;13800;13800;13800;13800;13800;46;46;46;46;46;46;46;46;46;46;46;46;CNY;20151124
CHN;2016;WUH6500;ZB15CHN001;201;10000000;12300;12300;12300;12300;12300;12300;12300;12300;12300;12300;12300;12300;41;41;41;41;41;41;41;41;41;41;41;41;CNY;20151124
CHN;2016;WUH6500;C090280;700;10000000;1200;1200;1200;1200;1200;1200;1200;1200;1200;1200;1200;1200;4;4;4;4;4;4;4;4;4;4;4;4;CNY;20151124
CHN;2016;WUH6500;C110870;700;10000000;2400;2400;2400;2400;2400;2400;2400;2400;2400;2400;2400;2400;8;8;8;8;8;8;8;8;8;8;8;8;CNY;20151124
CHN;2016;WUH6500;C140200;401;10000000;17400;17400;17400;17400;17400;17400;17400;17400;17400;17400;17400;17400;58;58;58;58;58;58;58;58;58;58;58;58;CNY;20151124
CHN;2016;WUH6500;C120643;401;10000000;15000;15000;15000;15000;15000;15000;15000;15000;15000;15000;15000;15000;50;50;50;50;50;50;50;50;50;50;50;50;CNY;20151124
CHN;2016;WUH6500;C130290;601;10000000;12300;12300;12300;12300;12300;12300;12300;12300;12300;12300;12300;12300;41;41;41;41;41;41;41;41;41;41;41;41;CNY;20151124
CHN;2016;WUH6500;C130290;700;10000000;4800;4800;4800;4800;4800;4800;4800;4800;4800;4800;4800;4800;16;16;16;16;16;16;16;16;16;16;16;16;CNY;20151124
CHN;2016;WUH6500;C110911;501;10000000;9900;9900;9900;9900;9900;9900;9900;9900;9900;9900;9900;9900;33;33;33;33;33;33;33;33;33;33;33;33;CNY;20151124
CHN;2016;WUH6500;C110721;700;10000000;1200;1200;1200;1200;1200;1200;1200;1200;1200;1200;1200;1200;4;4;4;4;4;4;4;4;4;4;4;4;CNY;20151124
CHN;2016;WUH6500;C120020;601;10000000;6000;6000;6000;6000;6000;6000;6000;6000;6000;6000;6000;6000;20;20;20;20;20;20;20;20;20;20;20;20;CNY;20151124
CHN;2016;WUH6500;C120020;700;10000000;4800;4800;4800;4800;4800;4800;4800;4800;4800;4800;4800;4800;16;16;16;16;16;16;16;16;16;16;16;16;CNY;20151124
CHN;2016;WUH6500;C130070;401;10000000;11100;11100;11100;11100;11100;11100;11100;11100;11100;11100;11100;11100;37;37;37;37;37;37;37;37;37;37;37;37;CNY;20151124
CHN;2016;WUH6500;C140020;301;10000000;19800;19800;19800;19800;19800;19800;19800;19800;19800;19800;19800;19800;66;66;66;66;66;66;66;66;66;66;66;66;CNY;20151124
CHN;2016;WUH6500;ZB15CHN003;301;10000000;19800;19800;19800;19800;19800;19800;19800;19800;19800;19800;19800;19800;66;66;66;66;66;66;66;66;66;66;66;66;CNY;20151124
CHN;2016;WUH6500;C090106;700;10000000;7500;7500;7500;7500;7500;7500;7500;7500;7500;7500;7500;7500;25;25;25;25;25;25;25;25;25;25;25;25;CNY;20151124
CHN;2016;WUH6500;C070342;700;10000000;0;0;0;15000;15000;15000;0;0;0;0;0;0;0;0;0;50;50;50;0;0;0;0;0;0;CNY;20151124
CHN;2016;WUH6500;C120092;401;10000000;0;0;0;79800;79800;79800;0;0;0;0;0;0;0;0;0;266;266;266;0;0;0;0;0;0;CNY;20151124
CHN;2016;WUH6500;C100511;700;10000000;0;0;0;15000;15000;15000;0;0;0;0;0;0;0;0;0;50;50;50;0;0;0;0;0;0;CNY;20151124
CHN;2016;WUH6500;C140470;401;10000000;0;0;0;30000;30000;30000;0;0;0;0;0;0;0;0;0;100;100;100;0;0;0;0;0;0;CNY;20151124
CHN;2016;WUH6500;C100517;700;10000000;0;0;0;15000;15000;15000;0;0;0;0;0;0;0;0;0;50;50;50;0;0;0;0;0;0;CNY;20151124
CHN;2016;WUH6500;C090242;401;10000000;0;0;0;49800;49800;49800;0;0;0;0;0;0;0;0;0;166;166;166;0;0;0;0;0;0;CNY;20151124
CHN;2016;WUH6500;C120532;401;10000000;0;0;0;69900;69900;69900;0;0;0;0;0;0;0;0;0;233;233;233;0;0;0;0;0;0;CNY;20151124
CHN;2016;WUH6500;ZB15GMW004;700;10000000;0;0;0;12000;12000;12000;0;0;0;0;0;0;0;0;0;40;40;40;0;0;0;0;0;0;CNY;20151124
CHN;2016;WUH6500;C051252;700;10000000;0;0;0;12000;12000;12000;0;0;0;0;0;0;0;0;0;40;40;40;0;0;0;0;0;0;CNY;20151124
CHN;2016;WUH6500;C140151;301;10000000;0;0;0;60000;60000;60000;0;0;0;0;0;0;0;0;0;200;200;200;0;0;0;0;0;0;CNY;20151124
CHN;2016;WUH6500;C120751;401;10000000;0;0;0;49800;49800;49800;0;0;0;0;0;0;0;0;0;166;166;166;0;0;0;0;0;0;CNY;20151124
CHN;2016;WUH6500;C070206;700;10000000;0;0;0;12000;12000;12000;0;0;0;0;0;0;0;0;0;40;40;40;0;0;0;0;0;0;CNY;20151124
CHN;2016;WUH6500;C130217;401;10000000;0;0;0;60000;60000;60000;0;0;0;0;0;0;0;0;0;200;200;200;0;0;0;0;0;0;CNY;20151124
CHN;2016;WUH6500;C100320;102;10000000;0;0;0;79800;79800;79800;0;0;0;0;0;0;0;0;0;266;266;266;0;0;0;0;0;0;CNY;20151124
CHN;2016;WUH6500;N000020;000;10000000;0;0;0;49800;49800;49800;0;0;0;0;0;0;0;0;0;166;166;166;0;0;0;0;0;0;CNY;20151124
CHN;2016;WUH6500;C110470;700;10000001;583;583;583;583;583;583;583;583;583;583;583;583;2;2;2;2;2;2;2;2;2;2;2;2;CNY;20151124
CHN;2016;WUH6500;C110471;700;10000001;250;250;250;250;250;250;250;250;250;250;250;250;0;0;0;0;0;0;0;0;0;0;0;0;CNY;20151124
CHN;2016;WUH6500;C100190;601;10000001;500;500;500;500;500;500;500;500;500;500;500;500;0;0;0;0;0;0;0;0;0;0;0;0;CNY;20151124
CHN;2016;WUH6500;C100190;700;10000001;500;500;500;500;500;500;500;500;500;500;500;500;0;0;0;0;0;0;0;0;0;0;0;0;CNY;20151124
CHN;2016;WUH6500;C100172;700;10000001;1250;1250;1250;1250;1250;1250;1250;1250;1250;1250;1250;1250;0;0;0;0;0;0;0;0;0;0;0;0;CNY;20151124
CHN;2016;WUH6500;C120450;601;10000001;833;833;833;833;833;833;833;833;833;833;833;833;0;0;0;0;0;0;0;0;0;0;0;0;CNY;20151124
CHN;2016;WUH6500;C120450;700;10000001;500;500;500;500;500;500;500;500;500;500;500;500;0;0;0;0;0;0;0;0;0;0;0;0;CNY;20151124
CHN;2016;WUH6500;C120550;501;10000001;2000;2000;2000;2000;2000;2000;2000;2000;2000;2000;2000;2000;0;0;0;0;0;0;0;0;0;0;0;0;CNY;20151124
CHN;2016;WUH6500;C140030;401;10000001;2000;2000;2000;2000;2000;2000;2000;2000;2000;2000;2000;2000;0;0;0;0;0;0;0;0;0;0;0;0;CNY;20151124
CHN;2016;WUH6500;ZB15CHN001;201;10000001;2500;2500;2500;2500;2500;2500;2500;2500;2500;2500;2500;2500;0;0;0;0;0;0;0;0;0;0;0;0;CNY;20151124
CHN;2016;WUH6500;C090280;700;10000001;250;250;250;250;250;250;250;250;250;250;250;250;0;0;0;0;0;0;0;0;0;0;0;0;CNY;20151124
CHN;2016;WUH6500;C110870;700;10000001;250;250;250;250;250;250;250;250;250;250;250;250;0;0;0;0;0;0;0;0;0;0;0;0;CNY;20151124
CHN;2016;WUH6500;C140200;401;10000001;1666;1666;1666;1666;1666;1666;1666;1666;1666;1666;1666;1666;0;0;0;0;0;0;0;0;0;0;0;0;CNY;20151124
CHN;2016;WUH6500;C120643;401;10000001;1666;1666;1666;1666;1666;1666;1666;1666;1666;1666;1666;1666;0;0;0;0;0;0;0;0;0;0;0;0;CNY;20151124
CHN;2016;WUH6500;C130290;601;10000001;2083;2083;2083;2083;2083;2083;2083;2083;2083;2083;2083;2083;0;0;0;0;0;0;0;0;0;0;0;0;CNY;20151124
CHN;2016;WUH6500;C130290;700;10000001;833;833;833;833;833;833;833;833;833;833;833;833;0;0;0;0;0;0;0;0;0;0;0;0;CNY;20151124
CHN;2016;WUH6500;C110911;501;10000001;1666;1666;1666;1666;1666;1666;1666;1666;1666;1666;1666;1666;0;0;0;0;0;0;0;0;0;0;0;0;CNY;20151124
CHN;2016;WUH6500;C110721;700;10000001;250;250;250;250;250;250;250;250;250;250;250;250;0;0;0;0;0;0;0;0;0;0;0;0;CNY;20151124
CHN;2016;WUH6500;C120020;601;10000001;0;0;0;2857;2857;2857;2857;2857;2857;2857;2857;2857;0;0;0;0;0;0;0;0;0;0;0;0;CNY;20151124
CHN;2016;WUH6500;C120020;700;10000001;0;0;0;2142;2142;2142;2142;2142;2142;2142;2142;2142;0;0;0;0;0;0;0;0;0;0;0;0;CNY;20151124
CHN;2016;WUH6500;C130070;401;10000001;0;0;0;2857;2857;2857;2857;2857;2857;2857;2857;2857;0;0;0;0;0;0;0;0;0;0;0;0;CNY;20151124
CHN;2016;WUH6500;C140020;301;10000001;0;0;0;7142;7142;7142;7142;7142;7142;7142;7142;7142;0;0;0;0;0;0;0;0;0;0;0;0;CNY;20151124
CHN;2016;WUH6500;ZB15CHN003;301;10000001;0;0;0;7142;7142;7142;7142;7142;7142;7142;7142;7142;0;0;0;0;0;0;0;0;0;0;0;0;CNY;20151124
CHN;2016;WUH6500;C090106;700;10000001;0;0;0;2142;2142;2142;2142;2142;2142;2142;2142;2142;0;0;0;0;0;0;0;0;0;0;0;0;CNY;20151124
CHN;2016;WUH6500;C070342;700;10000001;0;0;0;1428;1428;1428;1428;1428;1428;1428;1428;1428;0;0;0;0;0;0;0;0;0;0;0;0;CNY;20151124
CHN;2016;WUH6500;C120092;401;10000001;0;0;0;7142;7142;7142;7142;7142;7142;7142;7142;7142;0;0;0;0;0;0;0;0;0;0;0;0;CNY;20151124
CHN;2016;WUH6500;C100511;700;10000001;0;0;0;1714;1714;1714;1714;1714;1714;1714;1714;1714;0;0;0;0;0;0;0;0;0;0;0;0;CNY;20151124
CHN;2016;WUH6500;C140470;401;10000001;0;0;0;1428;1428;1428;1428;1428;1428;1428;1428;1428;0;0;0;0;0;0;0;0;0;0;0;0;CNY;20151124
CHN;2016;WUH6500;C100517;700;10000001;0;0;0;1714;1714;1714;1714;1714;1714;1714;1714;1714;0;0;0;0;0;0;0;0;0;0;0;0;CNY;20151124
CHN;2016;WUH6500;C090242;401;10000001;0;0;3333;3333;3333;3333;3333;3333;0;0;0;0;0;0;0;0;0;0;0;0;0;0;0;0;CNY;20151124
CHN;2016;WUH6500;C120532;401;10000001;0;0;8333;8333;8333;8333;8333;8333;0;0;0;0;0;0;0;0;0;0;0;0;0;0;0;0;CNY;20151124
CHN;2016;WUH6500;ZB15GMW004;700;10000001;0;0;1666;1666;1666;1666;1666;1666;0;0;0;0;0;0;0;0;0;0;0;0;0;0;0;0;CNY;20151124
CHN;2016;WUH6500;C051252;700;10000001;0;0;1666;1666;1666;1666;1666;1666;0;0;0;0;0;0;0;0;0;0;0;0;0;0;0;0;CNY;20151124
CHN;2016;WUH6500;C140151;301;10000001;0;0;5000;5000;5000;5000;5000;5000;0;0;0;0;0;0;0;0;0;0;0;0;0;0;0;0;CNY;20151124
CHN;2016;WUH6500;C120751;401;10000001;0;0;5000;5000;5000;5000;5000;5000;0;0;0;0;0;0;0;0;0;0;0;0;0;0;0;0;CNY;20151124
CHN;2016;WUH6500;C070206;700;10000001;0;0;1666;1666;1666;1666;1666;1666;0;0;0;0;0;0;0;0;0;0;0;0;0;0;0;0;CNY;20151124
CHN;2016;WUH6500;C130217;401;10000001;0;0;8333;8333;8333;8333;8333;8333;0;0;0;0;0;0;0;0;0;0;0;0;0;0;0;0;CNY;20151124
CHN;2016;WUH6500;C100320;102;10000001;0;0;25000;25000;25000;25000;25000;25000;0;0;0;0;0;0;0;0;0;0;0;0;0;0;0;0;CNY;20151124
CHN;2016;WUH6600;C110470;700;10000000;0;0;0;0;0;0;0;0;0;0;0;0;0;0;0;0;0;0;0;0;0;0;0;0;CNY;20151124
CHN;2016;WUH6600;C100190;621;10000000;0;0;0;7800;7800;7800;0;0;0;0;0;0;0;0;0;26;26;26;0;0;0;0;0;0;CNY;20151124
CHN;2016;WUH6600;C100190;700;10000000;0;0;0;1800;1800;1800;0;0;0;0;0;0;0;0;0;6;6;6;0;0;0;0;0;0;CNY;20151124
CHN;2016;WUH6600;C100172;700;10000000;0;0;0;1800;1800;1800;0;0;0;0;0;0;0;0;0;6;6;6;0;0;0;0;0;0;CNY;20151124
CHN;2016;WUH6600;N000041;000;10000000;0;0;0;21900;21900;21900;0;0;0;0;0;0;0;0;0;73;73;73;0;0;0;0;0;0;CNY;20151124
CHN;2016;WUH6600;N000040;000;10000000;0;0;0;4800;4800;4800;0;0;0;0;0;0;0;0;0;16;16;16;0;0;0;0;0;0;CNY;20151124
CHN;2016;WUH6600;N040010;000;10000000;0;0;0;4800;4800;4800;0;0;0;0;0;0;0;0;0;16;16;16;0;0;0;0;0;0;CNY;20151124
CHN;2016;WUH6600;I070050;000;10000000;0;0;0;4800;4800;4800;0;0;0;0;0;0;0;0;0;16;16;16;0;0;0;0;0;0;CNY;20151124
CHN;2016;WUH6600;N030020;000;10000000;0;0;0;9900;9900;9900;0;0;0;0;0;0;0;0;0;33;33;33;0;0;0;0;0;0;CNY;20151124
CHN;2016;WUH6600;A140500;000;10000000;0;0;0;2400;2400;2400;0;0;0;0;0;0;0;0;0;8;8;8;0;0;0;0;0;0;CNY;20151124
CHN;2016;WUH6600;ZB15CHN002;000;10000000;0;0;0;2400;2400;2400;0;0;0;0;0;0;0;0;0;8;8;8;0;0;0;0;0;0;CNY;20151124
CHN;2016;WUH6600;C080041;700;10000000;0;0;0;1800;1800;1800;0;0;0;0;0;0;0;0;0;6;6;6;0;0;0;0;0;0;CNY;20151124
CHN;2016;WUH6600;C090053;700;10000000;0;0;0;1800;1800;1800;0;0;0;0;0;0;0;0;0;6;6;6;0;0;0;0;0;0;CNY;20151124
CHN;2016;WUH6600;C090131;700;10000000;0;0;0;1800;1800;1800;0;0;0;0;0;0;0;0;0;6;6;6;0;0;0;0;0;0;CNY;20151124
CHN;2016;WUH6601;C110470;700;10000000;0;0;0;300;300;300;0;0;0;0;0;0;0;0;0;1;1;1;0;0;0;0;0;0;CNY;20151124
CHN;2016;WUH6601;C100190;621;10000000;0;0;0;600;600;600;0;0;0;0;0;0;0;0;0;2;2;2;0;0;0;0;0;0;CNY;20151124
CHN;2016;WUH6601;C120450;621;10000000;0;0;0;600;600;600;0;0;0;0;0;0;0;0;0;2;2;2;0;0;0;0;0;0;CNY;20151124
CHN;2016;WUH6601;C120550;521;10000000;0;0;0;9900;9900;9900;0;0;0;0;0;0;0;0;0;33;33;33;0;0;0;0;0;0;CNY;20151124
CHN;2016;WUH6601;C140030;421;10000000;0;0;0;24900;24900;24900;0;0;0;0;0;0;0;0;0;83;83;83;0;0;0;0;0;0;CNY;20151124
CHN;2016;WUH6601;ZB15CHN001;221;10000000;0;0;0;39900;39900;39900;0;0;0;0;0;0;0;0;0;133;133;133;0;0;0;0;0;0;CNY;20151124
CHN;2016;WUH6601;C130480;321;10000000;0;0;0;1800;1800;1800;0;0;0;0;0;0;0;0;0;6;6;6;0;0;0;0;0;0;CNY;20151124
CHN;2016;WUH6601;C140200;421;10000000;0;0;0;1500;1500;1500;0;0;0;0;0;0;0;0;0;5;5;5;0;0;0;0;0;0;CNY;20151124
CHN;2016;WUH6601;C120643;421;10000000;0;0;0;1500;1500;1500;0;0;0;0;0;0;0;0;0;5;5;5;0;0;0;0;0;0;CNY;20151124
CHN;2016;WUH6601;C140310;221;10000000;0;0;0;1500;1500;1500;0;0;0;0;0;0;0;0;0;5;5;5;0;0;0;0;0;0;CNY;20151124
CHN;2016;WUH6601;C110911;521;10000000;0;0;0;7800;7800;7800;0;0;0;0;0;0;0;0;0;26;26;26;0;0;0;0;0;0;CNY;20151124
CHN;2016;WUH6601;C120020;621;10000000;0;0;0;4800;4800;4800;0;0;0;0;0;0;0;0;0;16;16;16;0;0;0;0;0;0;CNY;20151124
CHN;2016;WUH6600;C100190;621;10000001;0;0;0;0;0;0;0;0;0;0;0;0;0;0;0;0;0;0;0;0;0;0;0;0;CNY;20151124
CHN;2016;WUH6600;C120450;621;10000001;0;0;0;0;0;0;0;0;0;0;0;0;0;0;0;0;0;0;0;0;0;0;0;0;CNY;20151124
CHN;2016;WUH6600;C120550;521;10000001;0;0;0;0;0;0;0;0;0;0;0;0;0;0;0;0;0;0;0;0;0;0;0;0;CNY;20151124
CHN;2016;WUH6600;C140030;421;10000001;0;0;0;0;0;0;0;0;0;0;0;0;0;0;0;0;0;0;0;0;0;0;0;0;CNY;20151124
CHN;2016;WUH6600;ZB15CHN001;221;10000001;0;0;0;0;0;0;0;0;0;0;0;0;0;0;0;0;0;0;0;0;0;0;0;0;CNY;20151124
CHN;2016;WUH6600;C130480;321;10000001;0;0;0;0;0;0;0;0;0;0;0;0;0;0;0;0;0;0;0;0;0;0;0;0;CNY;20151124
CHN;2016;WUH6600;C140200;421;10000001;0;0;0;0;0;0;0;0;0;0;0;0;0;0;0;0;0;0;0;0;0;0;0;0;CNY;20151124
CHN;2016;WUH6600;C120643;421;10000001;0;0;0;0;0;0;0;0;0;0;0;0;0;0;0;0;0;0;0;0;0;0;0;0;CNY;20151124
CHN;2016;WUH6600;C110911;521;10000001;0;0;0;0;0;0;0;0;0;0;0;0;0;0;0;0;0;0;0;0;0;0;0;0;CNY;20151124
CHN;2016;WUH6600;C120020;621;10000001;0;0;0;0;0;0;0;0;0;0;0;0;0;0;0;0;0;0;0;0;0;0;0;0;CNY;20151124
CHN;2016;WUH6600;C130070;421;10000001;0;0;0;0;0;0;0;0;0;0;0;0;0;0;0;0;0;0;0;0;0;0;0;0;CNY;20151124
CHN;2016;WUH6600;C140020;321;10000001;0;0;0;0;0;0;0;0;0;0;0;0;0;0;0;0;0;0;0;0;0;0;0;0;CNY;20151124
CHN;2016;WUH6600;ZB15CHN003;321;10000001;0;0;0;0;0;0;0;0;0;0;0;0;0;0;0;0;0;0;0;0;0;0;0;0;CNY;20151124
CHN;2016;WUH6600;C120092;421;10000001;0;0;0;0;0;0;0;0;0;0;0;0;0;0;0;0;0;0;0;0;0;0;0;0;CNY;20151124
CHN;2016;WUH6600;C140470;421;10000001;0;0;0;0;0;0;0;0;0;0;0;0;0;0;0;0;0;0;0;0;0;0;0;0;CNY;20151124
CHN;2016;WUH6600;C090242;421;10000001;0;0;0;0;0;0;0;0;0;0;0;0;0;0;0;0;0;0;0;0;0;0;0;0;CNY;20151124
CHN;2016;WUH6600;C120532;421;10000001;0;0;0;0;0;0;0;0;0;0;0;0;0;0;0;0;0;0;0;0;0;0;0;0;CNY;20151124
CHN;2016;WUH6600;C140151;321;10000001;0;0;0;0;0;0;0;0;0;0;0;0;0;0;0;0;0;0;0;0;0;0;0;0;CNY;20151124
CHN;2016;WUH6600;C120751;421;10000001;0;0;0;0;0;0;0;0;0;0;0;0;0;0;0;0;0;0;0;0;0;0;0;0;CNY;20151124
CHN;2016;WUH6600;C130217;421;10000001;0;0;0;0;0;0;0;0;0;0;0;0;0;0;0;0;0;0;0;0;0;0;0;0;CNY;20151124
CHN;2016;WUH6600;C100320;102;10000001;0;0;0;0;0;0;0;0;0;0;0;0;0;0;0;0;0;0;0;0;0;0;0;0;CNY;20151124
CHN;2016;WUH6600;A140500;000;10000001;0;0;0;0;0;0;0;0;0;0;0;0;0;0;0;0;0;0;0;0;0;0;0;0;CNY;20151124
CHN;2016;WUH6600;ZB15CHN002;000;10000001;0;0;0;0;0;0;0;0;0;0;0;0;0;0;0;0;0;0;0;0;0;0;0;0;CNY;20151124
CHN;2016;WUH6600;C080041;700;10000001;0;0;0;0;0;0;0;0;0;0;0;0;0;0;0;0;0;0;0;0;0;0;0;0;CNY;20151124
CHN;2016;WUH6600;C090053;700;10000001;0;0;0;0;0;0;0;0;0;0;0;0;0;0;0;0;0;0;0;0;0;0;0;0;CNY;20151124
CHN;2016;WUH6600;C090131;700;10000001;0;0;0;0;0;0;0;0;0;0;0;0;0;0;0;0;0;0;0;0;0;0;0;0;CNY;20151124
CHN;2016;WUH6603;C120550;521;10000001;0;0;0;0;0;0;0;0;0;0;0;0;0;0;0;0;0;0;0;0;0;0;0;0;CNY;20151124
CHN;2016;WUH6603;C140030;421;10000001;0;0;0;0;0;0;0;0;0;0;0;0;0;0;0;0;0;0;0;0;0;0;0;0;CNY;20151124
CHN;2016;WUH6603;ZB15CHN001;221;10000001;0;0;0;0;0;0;0;0;0;0;0;0;0;0;0;0;0;0;0;0;0;0;0;0;CNY;20151124
CHN;2016;WUH6603;C140200;421;10000001;0;0;0;0;0;0;0;0;0;0;0;0;0;0;0;0;0;0;0;0;0;0;0;0;CNY;20151124
CHN;2016;WUH6603;C120643;421;10000001;0;0;0;0;0;0;0;0;0;0;0;0;0;0;0;0;0;0;0;0;0;0;0;0;CNY;20151124
CHN;2016;WUH6603;C130290;621;10000001;0;0;0;0;0;0;0;0;0;0;0;0;0;0;0;0;0;0;0;0;0;0;0;0;CNY;20151124
CHN;2016;WUH6603;C140310;221;10000001;0;0;0;0;0;0;0;0;0;0;0;0;0;0;0;0;0;0;0;0;0;0;0;0;CNY;20151124
CHN;2016;WUH6603;C140020;321;10000001;0;0;0;0;0;0;0;0;0;0;0;0;0;0;0;0;0;0;0;0;0;0;0;0;CNY;20151124
CHN;2016;WUH6603;ZB15CHN003;321;10000001;0;0;0;0;0;0;0;0;0;0;0;0;0;0;0;0;0;0;0;0;0;0;0;0;CNY;20151124
CHN;2016;WUH6603;C140151;321;10000001;0;0;0;0;0;0;0;0;0;0;0;0;0;0;0;0;0;0;0;0;0;0;0;0;CNY;20151124
CHN;2016;WUH6603;C100320;102;10000001;0;0;0;0;0;0;0;0;0;0;0;0;0;0;0;0;0;0;0;0;0;0;0;0;CNY;20151124
CHN;2016;WUH6602;C130480;321;10000001;0;0;0;0;0;0;0;0;0;0;0;0;0;0;0;0;0;0;0;0;0;0;0;0;CNY;20151124
CHN;2016;WUH6602;C140200;421;10000001;0;0;0;0;0;0;0;0;0;0;0;0;0;0;0;0;0;0;0;0;0;0;0;0;CNY;20151124
CHN;2016;WUH6602;C120643;421;10000001;0;0;0;0;0;0;0;0;0;0;0;0;0;0;0;0;0;0;0;0;0;0;0;0;CNY;20151124
CHN;2016;WUH6602;C140310;221;10000001;0;0;0;0;0;0;0;0;0;0;0;0;0;0;0;0;0;0;0;0;0;0;0;0;CNY;20151124
CHN;2016;WUH6602;C130070;421;10000001;0;0;0;0;0;0;0;0;0;0;0;0;0;0;0;0;0;0;0;0;0;0;0;0;CNY;20151124
CHN;2016;WUH6602;C140020;321;10000001;0;0;0;0;0;0;0;0;0;0;0;0;0;0;0;0;0;0;0;0;0;0;0;0;CNY;20151124
CHN;2016;WUH6602;ZB15CHN003;321;10000001;0;0;0;0;0;0;0;0;0;0;0;0;0;0;0;0;0;0;0;0;0;0;0;0;CNY;20151124
CHN;2016;WUH6602;C120092;421;10000001;0;0;0;0;0;0;0;0;0;0;0;0;0;0;0;0;0;0;0;0;0;0;0;0;CNY;20151124
CHN;2016;WUH6602;C090242;421;10000001;0;0;0;0;0;0;0;0;0;0;0;0;0;0;0;0;0;0;0;0;0;0;0;0;CNY;20151124
CHN;2016;WUH6602;C120532;421;10000001;0;0;0;0;0;0;0;0;0;0;0;0;0;0;0;0;0;0;0;0;0;0;0;0;CNY;20151124
CHN;2016;WUH6602;C140151;321;10000001;0;0;0;0;0;0;0;0;0;0;0;0;0;0;0;0;0;0;0;0;0;0;0;0;CNY;20151124
CHN;2016;WUH6602;C130561;321;10000001;0;0;0;0;0;0;0;0;0;0;0;0;0;0;0;0;0;0;0;0;0;0;0;0;CNY;20151124
CHN;2016;WUH6602;C130481;221;10000001;0;0;0;0;0;0;0;0;0;0;0;0;0;0;0;0;0;0;0;0;0;0;0;0;CNY;20151124
CHN;2016;WUH6602;C130482;221;10000001;0;0;0;0;0;0;0;0;0;0;0;0;0;0;0;0;0;0;0;0;0;0;0;0;CNY;20151124
CHN;2016;WUH6600;C140020;321;10000005;0;0;0;0;0;0;0;0;0;0;0;0;0;0;0;0;0;0;0;0;0;0;0;0;CNY;20151124
CHN;2016;WUH6603;C100320;102;10000005;0;0;0;0;0;0;0;0;0;0;0;0;0;0;0;0;0;0;0;0;0;0;0;0;CNY;20151124
CHN;2016;WUH6602;C140030;421;10000005;0;0;0;0;0;0;0;0;0;0;0;0;0;0;0;0;0;0;0;0;0;0;0;0;CNY;20151124
CHN;2016;WUH6602;ZB15CHN001;221;10000005;0;0;0;0;0;0;0;0;0;0;0;0;0;0;0;0;0;0;0;0;0;0;0;0;CNY;20151124
CHN;2016;WUH6602;C130480;321;10000005;0;0;0;0;0;0;0;0;0;0;0;0;0;0;0;0;0;0;0;0;0;0;0;0;CNY;20151124
CHN;2016;WUH6602;C140200;421;10000005;0;0;0;0;0;0;0;0;0;0;0;0;0;0;0;0;0;0;0;0;0;0;0;0;CNY;20151124
CHN;2016;WUH6602;C120643;421;10000005;0;0;0;0;0;0;0;0;0;0;0;0;0;0;0;0;0;0;0;0;0;0;0;0;CNY;20151124
CHN;2016;WUH6602;C140310;221;10000005;0;0;0;0;0;0;0;0;0;0;0;0;0;0;0;0;0;0;0;0;0;0;0;0;CNY;20151124
CHN;2016;WUH6602;C130070;421;10000005;0;0;0;0;0;0;0;0;0;0;0;0;0;0;0;0;0;0;0;0;0;0;0;0;CNY;20151124
CHN;2016;WUH6602;C140020;321;10000005;0;0;0;0;0;0;0;0;0;0;0;0;0;0;0;0;0;0;0;0;0;0;0;0;CNY;20151124
CHN;2016;WUH6602;ZB15CHN003;321;10000005;0;0;0;0;0;0;0;0;0;0;0;0;0;0;0;0;0;0;0;0;0;0;0;0;CNY;20151124
CHN;2016;WUH6602;C120092;421;10000005;0;0;0;0;0;0;0;0;0;0;0;0;0;0;0;0;0;0;0;0;0;0;0;0;CNY;20151124
CHN;2016;WUH6602;C090242;421;10000005;0;0;0;0;0;0;0;0;0;0;0;0;0;0;0;0;0;0;0;0;0;0;0;0;CNY;20151124
CHN;2016;WUH6602;C120532;421;10000005;0;0;0;0;0;0;0;0;0;0;0;0;0;0;0;0;0;0;0;0;0;0;0;0;CNY;20151124
CHN;2016;WUH6602;C140151;321;10000005;0;0;0;0;0;0;0;0;0;0;0;0;0;0;0;0;0;0;0;0;0;0;0;0;CNY;20151124
CHN;2016;WUH6602;C130561;321;10000005;0;0;0;0;0;0;0;0;0;0;0;0;0;0;0;0;0;0;0;0;0;0;0;0;CNY;20151124
CHN;2016;WUH6602;C130481;221;10000005;0;0;0;0;0;0;0;0;0;0;0;0;0;0;0;0;0;0;0;0;0;0;0;0;CNY;20151124
CHN;2016;WUH6602;C130482;221;10000005;0;0;0;0;0;0;0;0;0;0;0;0;0;0;0;0;0;0;0;0;0;0;0;0;CNY;20151124
CHN;2016;WUH6602;C140412;221;10000005;0;0;0;0;0;0;0;0;0;0;0;0;0;0;0;0;0;0;0;0;0;0;0;0;CNY;20151124
CHN;2016;WUH6600;C140030;421;10000002;0;0;0;0;0;0;0;0;0;0;0;0;0;0;0;0;0;0;0;0;0;0;0;0;CNY;20151124
CHN;2016;WUH6600;ZB15CHN001;221;10000002;0;0;0;0;0;0;0;0;0;0;0;0;0;0;0;0;0;0;0;0;0;0;0;0;CNY;20151124
CHN;2016;WUH6600;C130480;321;10000002;0;0;0;0;0;0;0;0;0;0;0;0;0;0;0;0;0;0;0;0;0;0;0;0;CNY;20151124
CHN;2016;WUH6600;C140200;421;10000002;0;0;0;0;0;0;0;0;0;0;0;0;0;0;0;0;0;0;0;0;0;0;0;0;CNY;20151124
CHN;2016;WUH6600;C120643;421;10000002;0;0;0;0;0;0;0;0;0;0;0;0;0;0;0;0;0;0;0;0;0;0;0;0;CNY;20151124
CHN;2016;WUH6600;C140310;221;10000002;0;0;0;0;0;0;0;0;0;0;0;0;0;0;0;0;0;0;0;0;0;0;0;0;CNY;20151124
CHN;2016;WUH6600;C130070;421;10000002;0;0;0;0;0;0;0;0;0;0;0;0;0;0;0;0;0;0;0;0;0;0;0;0;CNY;20151124
CHN;2016;WUH6600;C140020;321;10000002;0;0;0;0;0;0;0;0;0;0;0;0;0;0;0;0;0;0;0;0;0;0;0;0;CNY;20151124
CHN;2016;WUH6600;ZB15CHN003;321;10000002;0;0;0;0;0;0;0;0;0;0;0;0;0;0;0;0;0;0;0;0;0;0;0;0;CNY;20151124
CHN;2016;WUH6600;C140151;321;10000002;0;0;0;0;0;0;0;0;0;0;0;0;0;0;0;0;0;0;0;0;0;0;0;0;CNY;20151124
CHN;2016;WUH6600;C140020;321;10000003;0;0;0;0;0;0;0;0;0;0;0;0;0;0;0;0;0;0;0;0;0;0;0;0;CNY;20151124
CHN;2016;WUH6600;ZB15CHN003;321;10000003;0;0;0;0;0;0;0;0;0;0;0;0;0;0;0;0;0;0;0;0;0;0;0;0;CNY;20151124
CHN;2016;WUH6600;C140151;321;10000003;0;0;0;0;0;0;0;0;0;0;0;0;0;0;0;0;0;0;0;0;0;0;0;0;CNY;20151124
CHN;2016;WUH6100;C120450;700;10000001;0;0;0;0;0;0;0;0;0;0;0;0;0;0;0;0;0;0;0;0;0;0;0;0;CNY;20151124
CHN;2016;WUH6100;C120550;531;10000001;0;0;0;0;0;0;0;0;0;0;0;0;0;0;0;0;0;0;0;0;0;0;0;0;CNY;20151124
CHN;2016;WUH6100;C140030;431;10000001;0;0;0;0;0;0;0;0;0;0;0;0;0;0;0;0;0;0;0;0;0;0;0;0;CNY;20151124
CHN;2016;WUH6100;C140200;431;10000001;0;0;0;0;0;0;0;0;0;0;0;0;0;0;0;0;0;0;0;0;0;0;0;0;CNY;20151124
CHN;2016;WUH6100;C120643;431;10000001;0;0;0;0;0;0;0;0;0;0;0;0;0;0;0;0;0;0;0;0;0;0;0;0;CNY;20151124
CHN;2016;WUH6100;C130290;631;10000001;0;0;0;0;0;0;0;0;0;0;0;0;0;0;0;0;0;0;0;0;0;0;0;0;CNY;20151124
CHN;2016;WUH6100;C140310;231;10000001;0;0;0;0;0;0;0;0;0;0;0;0;0;0;0;0;0;0;0;0;0;0;0;0;CNY;20151124
CHN;2016;WUH6100;C120020;631;10000001;0;0;0;0;0;0;0;0;0;0;0;0;0;0;0;0;0;0;0;0;0;0;0;0;CNY;20151124
CHN;2016;WUH6100;C130070;431;10000001;0;0;0;0;0;0;0;0;0;0;0;0;0;0;0;0;0;0;0;0;0;0;0;0;CNY;20151124
CHN;2016;WUH6100;C140020;331;10000001;0;0;0;0;0;0;0;0;0;0;0;0;0;0;0;0;0;0;0;0;0;0;0;0;CNY;20151124
CHN;2016;WUH6100;ZB15CHN003;331;10000001;0;0;0;0;0;0;0;0;0;0;0;0;0;0;0;0;0;0;0;0;0;0;0;0;CNY;20151124
CHN;2016;WUH6100;C120092;431;10000001;0;0;0;0;0;0;0;0;0;0;0;0;0;0;0;0;0;0;0;0;0;0;0;0;CNY;20151124
CHN;2016;WUH6100;C140470;431;10000001;0;0;0;0;0;0;0;0;0;0;0;0;0;0;0;0;0;0;0;0;0;0;0;0;CNY;20151124
CHN;2016;WUH6100;C100517;700;10000001;0;0;0;0;0;0;0;0;0;0;0;0;0;0;0;0;0;0;0;0;0;0;0;0;CNY;20151124
CHN;2016;WUH6100;C090242;431;10000001;0;0;0;0;0;0;0;0;0;0;0;0;0;0;0;0;0;0;0;0;0;0;0;0;CNY;20151124
CHN;2016;WUH6100;C120532;431;10000001;0;0;0;0;0;0;0;0;0;0;0;0;0;0;0;0;0;0;0;0;0;0;0;0;CNY;20151124
CHN;2016;WUH6100;C140151;331;10000001;0;0;0;0;0;0;0;0;0;0;0;0;0;0;0;0;0;0;0;0;0;0;0;0;CNY;20151124
CHN;2016;WUH6100;C120751;431;10000001;0;0;0;0;0;0;0;0;0;0;0;0;0;0;0;0;0;0;0;0;0;0;0;0;CNY;20151124
CHN;2016;WUH6100;C130217;431;10000001;0;0;0;0;0;0;0;0;0;0;0;0;0;0;0;0;0;0;0;0;0;0;0;0;CNY;20151124
CHN;2016;WUH6100;C130561;331;10000001;0;0;0;0;0;0;0;0;0;0;0;0;0;0;0;0;0;0;0;0;0;0;0;0;CNY;20151124
CHN;2016;WUH6101;C100190;631;10000001;0;0;0;0;0;0;0;0;0;0;0;0;0;0;0;0;0;0;0;0;0;0;0;0;CNY;20151124
CHN;2016;WUH6101;C120450;700;10000001;0;0;0;0;0;0;0;0;0;0;0;0;0;0;0;0;0;0;0;0;0;0;0;0;CNY;20151124
CHN;2016;WUH6101;C120550;531;10000001;0;0;0;0;0;0;0;0;0;0;0;0;0;0;0;0;0;0;0;0;0;0;0;0;CNY;20151124
CHN;2016;WUH6101;C140030;431;10000001;0;0;0;0;0;0;0;0;0;0;0;0;0;0;0;0;0;0;0;0;0;0;0;0;CNY;20151124
CHN;2016;WUH6101;C140200;431;10000001;0;0;0;0;0;0;0;0;0;0;0;0;0;0;0;0;0;0;0;0;0;0;0;0;CNY;20151124
CHN;2016;WUH6101;C120643;431;10000001;0;0;0;0;0;0;0;0;0;0;0;0;0;0;0;0;0;0;0;0;0;0;0;0;CNY;20151124
CHN;2016;WUH6101;C130290;631;10000001;0;0;0;0;0;0;0;0;0;0;0;0;0;0;0;0;0;0;0;0;0;0;0;0;CNY;20151124
CHN;2016;WUH6101;C140310;231;10000001;0;0;0;0;0;0;0;0;0;0;0;0;0;0;0;0;0;0;0;0;0;0;0;0;CNY;20151124
CHN;2016;WUH6101;C120020;631;10000001;0;0;0;0;0;0;0;0;0;0;0;0;0;0;0;0;0;0;0;0;0;0;0;0;CNY;20151124
CHN;2016;WUH6101;C130070;431;10000001;0;0;0;0;0;0;0;0;0;0;0;0;0;0;0;0;0;0;0;0;0;0;0;0;CNY;20151124
CHN;2016;WUH6101;C140020;331;10000001;0;0;0;0;0;0;0;0;0;0;0;0;0;0;0;0;0;0;0;0;0;0;0;0;CNY;20151124
CHN;2016;WUH6101;ZB15CHN003;331;10000001;0;0;0;0;0;0;0;0;0;0;0;0;0;0;0;0;0;0;0;0;0;0;0;0;CNY;20151124
CHN;2016;WUH6101;C090106;700;10000001;0;0;0;0;0;0;0;0;0;0;0;0;0;0;0;0;0;0;0;0;0;0;0;0;CNY;20151124
CHN;2016;WUH6101;C120092;431;10000001;0;0;0;0;0;0;0;0;0;0;0;0;0;0;0;0;0;0;0;0;0;0;0;0;CNY;20151124
CHN;2016;WUH6101;C100511;700;10000001;0;0;0;0;0;0;0;0;0;0;0;0;0;0;0;0;0;0;0;0;0;0;0;0;CNY;20151124
CHN;2016;WUH6101;C140470;431;10000001;0;0;0;0;0;0;0;0;0;0;0;0;0;0;0;0;0;0;0;0;0;0;0;0;CNY;20151124
CHN;2016;WUH6101;C100517;700;10000001;0;0;0;0;0;0;0;0;0;0;0;0;0;0;0;0;0;0;0;0;0;0;0;0;CNY;20151124
CHN;2016;WUH6101;C090242;431;10000001;0;0;0;0;0;0;0;0;0;0;0;0;0;0;0;0;0;0;0;0;0;0;0;0;CNY;20151124
CHN;2016;WUH6101;C120532;431;10000001;0;0;0;0;0;0;0;0;0;0;0;0;0;0;0;0;0;0;0;0;0;0;0;0;CNY;20151124
CHN;2016;WUH6101;C140151;331;10000001;0;0;0;0;0;0;0;0;0;0;0;0;0;0;0;0;0;0;0;0;0;0;0;0;CNY;20151124
CHN;2016;WUH6101;C120751;431;10000001;0;0;0;0;0;0;0;0;0;0;0;0;0;0;0;0;0;0;0;0;0;0;0;0;CNY;20151124
CHN;2016;WUH6101;C130217;431;10000001;0;0;0;0;0;0;0;0;0;0;0;0;0;0;0;0;0;0;0;0;0;0;0;0;CNY;20151124
CHN;2016;WUH6101;C130561;331;10000001;0;0;0;0;0;0;0;0;0;0;0;0;0;0;0;0;0;0;0;0;0;0;0;0;CNY;20151124
CHN;2016;WUH6101;C130481;231;10000001;0;0;0;0;0;0;0;0;0;0;0;0;0;0;0;0;0;0;0;0;0;0;0;0;CNY;20151124
CHN;2016;WUH6101;C130483;231;10000001;0;0;0;0;0;0;0;0;0;0;0;0;0;0;0;0;0;0;0;0;0;0;0;0;CNY;20151124
CHN;2016;WUH6102;C120550;531;10000001;0;0;0;0;0;0;0;0;0;0;0;0;0;0;0;0;0;0;0;0;0;0;0;0;CNY;20151124
CHN;2016;WUH6102;C140030;431;10000001;0;0;0;0;0;0;0;0;0;0;0;0;0;0;0;0;0;0;0;0;0;0;0;0;CNY;20151124
CHN;2016;WUH6102;C140200;431;10000001;0;0;0;0;0;0;0;0;0;0;0;0;0;0;0;0;0;0;0;0;0;0;0;0;CNY;20151124
CHN;2016;WUH6102;C120643;431;10000001;0;0;0;0;0;0;0;0;0;0;0;0;0;0;0;0;0;0;0;0;0;0;0;0;CNY;20151124
CHN;2016;WUH6102;C130290;631;10000001;0;0;0;0;0;0;0;0;0;0;0;0;0;0;0;0;0;0;0;0;0;0;0;0;CNY;20151124
CHN;2016;WUH6102;C140310;231;10000001;0;0;0;0;0;0;0;0;0;0;0;0;0;0;0;0;0;0;0;0;0;0;0;0;CNY;20151124
CHN;2016;WUH6102;C120020;631;10000001;0;0;0;0;0;0;0;0;0;0;0;0;0;0;0;0;0;0;0;0;0;0;0;0;CNY;20151124
CHN;2016;WUH6102;C130070;431;10000001;0;0;0;0;0;0;0;0;0;0;0;0;0;0;0;0;0;0;0;0;0;0;0;0;CNY;20151124
CHN;2016;WUH6102;C140020;331;10000001;0;0;0;0;0;0;0;0;0;0;0;0;0;0;0;0;0;0;0;0;0;0;0;0;CNY;20151124
CHN;2016;WUH6102;ZB15CHN003;331;10000001;0;0;0;0;0;0;0;0;0;0;0;0;0;0;0;0;0;0;0;0;0;0;0;0;CNY;20151124
CHN;2016;WUH6102;C120092;431;10000001;0;0;0;0;0;0;0;0;0;0;0;0;0;0;0;0;0;0;0;0;0;0;0;0;CNY;20151124
CHN;2016;WUH6102;C100511;700;10000001;0;0;0;0;0;0;0;0;0;0;0;0;0;0;0;0;0;0;0;0;0;0;0;0;CNY;20151124
CHN;2016;WUH6102;C140470;431;10000001;0;0;0;0;0;0;0;0;0;0;0;0;0;0;0;0;0;0;0;0;0;0;0;0;CNY;20151124
CHN;2016;WUH6102;C090242;431;10000001;0;0;0;0;0;0;0;0;0;0;0;0;0;0;0;0;0;0;0;0;0;0;0;0;CNY;20151124
CHN;2016;WUH6102;C120532;431;10000001;0;0;0;0;0;0;0;0;0;0;0;0;0;0;0;0;0;0;0;0;0;0;0;0;CNY;20151124
CHN;2016;WUH6102;C140151;331;10000001;0;0;0;0;0;0;0;0;0;0;0;0;0;0;0;0;0;0;0;0;0;0;0;0;CNY;20151124
CHN;2016;WUH6102;C120751;431;10000001;0;0;0;0;0;0;0;0;0;0;0;0;0;0;0;0;0;0;0;0;0;0;0;0;CNY;20151124
CHN;2016;WUH6102;C130217;431;10000001;0;0;0;0;0;0;0;0;0;0;0;0;0;0;0;0;0;0;0;0;0;0;0;0;CNY;20151124
CHN;2016;WUH6600;N000020;000;10000001;0;0;0;0;0;0;0;0;0;0;0;0;350;0;0;0;0;0;0;0;0;0;0;0;CNY;20151124
CHN;2016;WUH6600;N000022;000;10000001;0;0;0;0;0;0;0;0;0;0;0;0;150;0;0;0;0;0;0;0;0;0;0;0;CNY;20151124
CHN;2016;WUH6600;N000021;000;10000001;0;0;0;0;0;0;0;0;0;0;0;0;200;0;0;0;0;0;0;0;0;0;0;0;CNY;20151124
CHN;2016;WUH6102;A080004;000;10000001;0;0;0;0;0;0;0;0;0;0;0;0;0;0;0;0;0;0;0;0;0;0;0;0;CNY;20151124
CHN;2016;WUH6102;C100551;431;10000001;0;0;0;0;0;0;0;0;0;0;0;0;0;0;0;0;0;0;0;0;0;0;0;0;CNY;20151124
CHN;2016;WUH6102;C130731;331;10000001;0;0;0;0;0;0;0;0;0;0;0;0;0;0;0;0;0;0;0;0;0;0;0;0;CNY;20151124
CHN;2016;WUH6102;C130660;431;10000001;0;0;0;0;0;0;0;0;0;0;0;0;0;0;0;0;0;0;0;0;0;0;0;0;CNY;20151124
CHN;2016;WUH6102;C100554;331;10000001;0;0;0;0;0;0;0;0;0;0;0;0;0;0;0;0;0;0;0;0;0;0;0;0;CNY;20151124
CHN;2016;WUH6102;C100558;431;10000001;0;0;0;0;0;0;0;0;0;0;0;0;0;0;0;0;0;0;0;0;0;0;0;0;CNY;20151124
CHN;2016;WUH6102;C100557;431;10000001;0;0;0;0;0;0;0;0;0;0;0;0;0;0;0;0;0;0;0;0;0;0;0;0;CNY;20151124
CHN;2016;WUH6101;C140020;331;10000003;0;0;0;0;0;0;0;0;0;0;0;0;0;0;0;0;0;0;0;0;0;0;0;0;CNY;20151124
CHN;2016;WUH6101;ZB15CHN003;331;10000003;0;0;0;0;0;0;0;0;0;0;0;0;0;0;0;0;0;0;0;0;0;0;0;0;CNY;20151124
CHN;2016;WUH6101;C140151;331;10000003;0;0;0;0;0;0;0;0;0;0;0;0;0;0;0;0;0;0;0;0;0;0;0;0;CNY;20151124
CHN;2016;WUH6200;C100190;611;10000001;0;0;0;0;0;0;0;0;0;0;0;0;0;0;0;0;0;0;0;0;0;0;0;0;CNY;20151124
CHN;2016;WUH6200;C100190;700;10000001;0;0;0;0;0;0;0;0;0;0;0;0;0;0;0;0;0;0;0;0;0;0;0;0;CNY;20151124
CHN;2016;WUH6200;C120450;611;10000001;0;0;0;0;0;0;0;0;0;0;0;0;0;0;0;0;0;0;0;0;0;0;0;0;CNY;20151124
CHN;2016;WUH6200;C120450;700;10000001;0;0;0;0;0;0;0;0;0;0;0;0;0;0;0;0;0;0;0;0;0;0;0;0;CNY;20151124
CHN;2016;WUH6200;C120550;511;10000001;0;0;0;0;0;0;0;0;0;0;0;0;0;0;0;0;0;0;0;0;0;0;0;0;CNY;20151124
CHN;2016;WUH6200;C140030;411;10000001;0;0;0;0;0;0;0;0;0;0;0;0;0;0;0;0;0;0;0;0;0;0;0;0;CNY;20151124
CHN;2016;WUH6200;ZB15CHN001;211;10000001;0;0;0;0;0;0;0;0;0;0;0;0;0;0;0;0;0;0;0;0;0;0;0;0;CNY;20151124
CHN;2016;WUH6200;C140200;411;10000001;0;0;0;0;0;0;0;0;0;0;0;0;0;0;0;0;0;0;0;0;0;0;0;0;CNY;20151124
CHN;2016;WUH6200;C120643;411;10000001;0;0;0;0;0;0;0;0;0;0;0;0;0;0;0;0;0;0;0;0;0;0;0;0;CNY;20151124
CHN;2016;WUH6200;C130290;611;10000001;0;0;0;0;0;0;0;0;0;0;0;0;0;0;0;0;0;0;0;0;0;0;0;0;CNY;20151124
CHN;2016;WUH6200;C130290;700;10000001;0;0;0;0;0;0;0;0;0;0;0;0;0;0;0;0;0;0;0;0;0;0;0;0;CNY;20151124
CHN;2016;WUH6200;C140310;211;10000001;0;0;0;0;0;0;0;0;0;0;0;0;0;0;0;0;0;0;0;0;0;0;0;0;CNY;20151124
CHN;2016;WUH6200;C110911;511;10000001;0;0;0;0;0;0;0;0;0;0;0;0;0;0;0;0;0;0;0;0;0;0;0;0;CNY;20151124
CHN;2016;WUH6200;C120020;611;10000001;0;0;0;0;0;0;0;0;0;0;0;0;0;0;0;0;0;0;0;0;0;0;0;0;CNY;20151124
CHN;2016;WUH6200;C120020;700;10000001;0;0;0;0;0;0;0;0;0;0;0;0;0;0;0;0;0;0;0;0;0;0;0;0;CNY;20151124
CHN;2016;WUH6200;C130070;411;10000001;0;0;0;0;0;0;0;0;0;0;0;0;0;0;0;0;0;0;0;0;0;0;0;0;CNY;20151124
CHN;2016;WUH6200;C140020;311;10000001;0;0;0;0;0;0;0;0;0;0;0;0;0;0;0;0;0;0;0;0;0;0;0;0;CNY;20151124
CHN;2016;WUH6200;ZB15CHN003;311;10000001;0;0;0;0;0;0;0;0;0;0;0;0;0;0;0;0;0;0;0;0;0;0;0;0;CNY;20151124
CHN;2016;WUH6200;C120092;411;10000001;0;0;0;0;0;0;0;0;0;0;0;0;0;0;0;0;0;0;0;0;0;0;0;0;CNY;20151124
CHN;2016;WUH6200;C100511;700;10000001;0;0;0;0;0;0;0;0;0;0;0;0;0;0;0;0;0;0;0;0;0;0;0;0;CNY;20151124
CHN;2016;WUH6200;C140470;411;10000001;0;0;0;0;0;0;0;0;0;0;0;0;0;0;0;0;0;0;0;0;0;0;0;0;CNY;20151124
CHN;2016;WUH6200;C100517;700;10000001;0;0;0;0;0;0;0;0;0;0;0;0;0;0;0;0;0;0;0;0;0;0;0;0;CNY;20151124
CHN;2016;WUH6200;C090242;411;10000001;0;0;0;0;0;0;0;0;0;0;0;0;0;0;0;0;0;0;0;0;0;0;0;0;CNY;20151124
CHN;2016;WUH6200;C120532;411;10000001;0;0;0;0;0;0;0;0;0;0;0;0;0;0;0;0;0;0;0;0;0;0;0;0;CNY;20151124
CHN;2016;WUH6200;ZB15GMW004;700;10000001;0;0;0;0;0;0;0;0;0;0;0;0;0;0;0;0;0;0;0;0;0;0;0;0;CNY;20151124
CHN;2016;WUH6200;C140151;311;10000001;0;0;0;0;0;0;0;0;0;0;0;0;0;0;0;0;0;0;0;0;0;0;0;0;CNY;20151124
CHN;2016;WUH6200;C120751;411;10000001;0;0;0;0;0;0;0;0;0;0;0;0;0;0;0;0;0;0;0;0;0;0;0;0;CNY;20151124
CHN;2016;WUH6200;C130217;411;10000001;0;0;0;0;0;0;0;0;0;0;0;0;0;0;0;0;0;0;0;0;0;0;0;0;CNY;20151124
CHN;2016;WUH6200;C100320;102;10000001;0;0;0;0;0;0;0;0;0;0;0;0;0;0;0;0;0;0;0;0;0;0;0;0;CNY;20151124
CHN;2016;WUH6201;C100190;611;10000001;0;0;0;0;0;0;0;0;0;0;0;0;0;0;0;0;0;0;0;0;0;0;0;0;CNY;20151124
CHN;2016;WUH6201;C120450;611;10000001;0;0;0;0;0;0;0;0;0;0;0;0;0;0;0;0;0;0;0;0;0;0;0;0;CNY;20151124
CHN;2016;WUH6201;C120550;511;10000001;0;0;0;0;0;0;0;0;0;0;0;0;0;0;0;0;0;0;0;0;0;0;0;0;CNY;20151124
CHN;2016;WUH6201;C140030;411;10000001;0;0;0;0;0;0;0;0;0;0;0;0;0;0;0;0;0;0;0;0;0;0;0;0;CNY;20151124
CHN;2016;WUH6201;ZB15CHN001;211;10000001;0;0;0;0;0;0;0;0;0;0;0;0;0;0;0;0;0;0;0;0;0;0;0;0;CNY;20151124
CHN;2016;WUH6201;C130480;311;10000001;0;0;0;0;0;0;0;0;0;0;0;0;0;0;0;0;0;0;0;0;0;0;0;0;CNY;20151124
CHN;2016;WUH6201;C110870;700;10000001;0;0;0;0;0;0;0;0;0;0;0;0;0;0;0;0;0;0;0;0;0;0;0;0;CNY;20151124
CHN;2016;WUH6201;C140200;411;10000001;0;0;0;0;0;0;0;0;0;0;0;0;0;0;0;0;0;0;0;0;0;0;0;0;CNY;20151124
CHN;2016;WUH6201;C120643;411;10000001;0;0;0;0;0;0;0;0;0;0;0;0;0;0;0;0;0;0;0;0;0;0;0;0;CNY;20151124
CHN;2016;WUH6201;C130290;611;10000001;0;0;0;0;0;0;0;0;0;0;0;0;0;0;0;0;0;0;0;0;0;0;0;0;CNY;20151124
CHN;2016;WUH6201;C110911;511;10000001;0;0;0;0;0;0;0;0;0;0;0;0;0;0;0;0;0;0;0;0;0;0;0;0;CNY;20151124
CHN;2016;WUH6201;C120020;611;10000001;0;0;0;0;0;0;0;0;0;0;0;0;0;0;0;0;0;0;0;0;0;0;0;0;CNY;20151124
CHN;2016;WUH6201;C130070;411;10000001;0;0;0;0;0;0;0;0;0;0;0;0;0;0;0;0;0;0;0;0;0;0;0;0;CNY;20151124
CHN;2016;WUH6201;ZB15CHN003;311;10000001;0;0;0;0;0;0;0;0;0;0;0;0;0;0;0;0;0;0;0;0;0;0;0;0;CNY;20151124
CHN;2016;WUH6201;C120092;411;10000001;0;0;0;0;0;0;0;0;0;0;0;0;0;0;0;0;0;0;0;0;0;0;0;0;CNY;20151124
CHN;2016;WUH6201;C090242;411;10000001;0;0;0;0;0;0;0;0;0;0;0;0;0;0;0;0;0;0;0;0;0;0;0;0;CNY;20151124
CHN;2016;WUH6201;C120532;411;10000001;0;0;0;0;0;0;0;0;0;0;0;0;0;0;0;0;0;0;0;0;0;0;0;0;CNY;20151124
CHN;2016;WUH6201;ZB15GMW004;700;10000001;0;0;0;0;0;0;0;0;0;0;0;0;0;0;0;0;0;0;0;0;0;0;0;0;CNY;20151124
CHN;2016;WUH6201;C120751;411;10000001;0;0;0;0;0;0;0;0;0;0;0;0;0;0;0;0;0;0;0;0;0;0;0;0;CNY;20151124
CHN;2016;WUH6201;C100320;102;10000001;0;0;0;0;0;0;0;0;0;0;0;0;0;0;0;0;0;0;0;0;0;0;0;0;CNY;20151124
CHN;2016;WUH6202;C100190;611;10000001;0;0;0;0;0;0;0;0;0;0;0;0;0;0;0;0;0;0;0;0;0;0;0;0;CNY;20151124
CHN;2016;WUH6202;C120450;611;10000001;0;0;0;0;0;0;0;0;0;0;0;0;0;0;0;0;0;0;0;0;0;0;0;0;CNY;20151124
CHN;2016;WUH6202;C120550;511;10000001;0;0;0;0;0;0;0;0;0;0;0;0;0;0;0;0;0;0;0;0;0;0;0;0;CNY;20151124
CHN;2016;WUH6202;C140030;411;10000001;0;0;0;0;0;0;0;0;0;0;0;0;0;0;0;0;0;0;0;0;0;0;0;0;CNY;20151124
CHN;2016;WUH6202;C140200;411;10000001;0;0;0;0;0;0;0;0;0;0;0;0;0;0;0;0;0;0;0;0;0;0;0;0;CNY;20151124
CHN;2016;WUH6202;C120643;411;10000001;0;0;0;0;0;0;0;0;0;0;0;0;0;0;0;0;0;0;0;0;0;0;0;0;CNY;20151124
CHN;2016;WUH6202;C120092;411;10000001;0;0;0;0;0;0;0;0;0;0;0;0;0;0;0;0;0;0;0;0;0;0;0;0;CNY;20151124
CHN;2016;WUH6202;C140470;411;10000001;0;0;0;0;0;0;0;0;0;0;0;0;0;0;0;0;0;0;0;0;0;0;0;0;CNY;20151124
CHN;2016;WUH6202;C090242;411;10000001;0;0;0;0;0;0;0;0;0;0;0;0;0;0;0;0;0;0;0;0;0;0;0;0;CNY;20151124
CHN;2016;WUH6202;C120532;411;10000001;0;0;0;0;0;0;0;0;0;0;0;0;0;0;0;0;0;0;0;0;0;0;0;0;CNY;20151124
CHN;2016;WUH6202;C120751;411;10000001;0;0;0;0;0;0;0;0;0;0;0;0;0;0;0;0;0;0;0;0;0;0;0;0;CNY;20151124
CHN;2016;WUH6202;C130217;411;10000001;0;0;0;0;0;0;0;0;0;0;0;0;0;0;0;0;0;0;0;0;0;0;0;0;CNY;20151124
CHN;2016;WUH6202;C120020;611;10000005;0;0;0;0;0;0;0;0;0;0;0;0;0;0;0;0;0;0;0;0;0;0;0;0;CNY;20151124
CHN;2016;WUH6202;C130070;411;10000005;0;0;0;0;0;0;0;0;0;0;0;0;0;0;0;0;0;0;0;0;0;0;0;0;CNY;20151124
CHN;2016;WUH6202;ZB15CHN003;311;10000005;0;0;0;0;0;0;0;0;0;0;0;0;0;0;0;0;0;0;0;0;0;0;0;0;CNY;20151124
CHN;2016;WUH6000;C140030;441;10000001;0;0;0;0;0;0;0;0;0;0;0;0;0;0;0;0;0;0;0;0;0;0;0;0;CNY;20151124
CHN;2016;WUH6000;C090280;700;10000001;0;0;0;0;0;0;0;0;0;0;0;0;0;0;0;0;0;0;0;0;0;0;0;0;CNY;20151124
CHN;2016;WUH6000;C130480;341;10000001;0;0;0;0;0;0;0;0;0;0;0;0;0;0;0;0;0;0;0;0;0;0;0;0;CNY;20151124
CHN;2016;WUH6000;C140200;441;10000001;0;0;0;0;0;0;0;0;0;0;0;0;0;0;0;0;0;0;0;0;0;0;0;0;CNY;20151124
CHN;2016;WUH6000;C120643;441;10000001;0;0;0;0;0;0;0;0;0;0;0;0;0;0;0;0;0;0;0;0;0;0;0;0;CNY;20151124
CHN;2016;WUH6000;C130290;641;10000001;0;0;0;0;0;0;0;0;0;0;0;0;0;0;0;0;0;0;0;0;0;0;0;0;CNY;20151124
CHN;2016;WUH6000;C140310;241;10000001;0;0;0;0;0;0;0;0;0;0;0;0;0;0;0;0;0;0;0;0;0;0;0;0;CNY;20151124
CHN;2016;WUH6000;C110911;541;10000001;0;0;0;0;0;0;0;0;0;0;0;0;0;0;0;0;0;0;0;0;0;0;0;0;CNY;20151124
CHN;2016;WUH6000;C120020;641;10000001;0;0;0;0;0;0;0;0;0;0;0;0;0;0;0;0;0;0;0;0;0;0;0;0;CNY;20151124
CHN;2016;WUH6000;C130070;441;10000001;0;0;0;0;0;0;0;0;0;0;0;0;0;0;0;0;0;0;0;0;0;0;0;0;CNY;20151124
CHN;2016;WUH6000;C140020;341;10000001;0;0;0;0;0;0;0;0;0;0;0;0;0;0;0;0;0;0;0;0;0;0;0;0;CNY;20151124
CHN;2016;WUH6000;C120092;441;10000001;0;0;0;0;0;0;0;0;0;0;0;0;0;0;0;0;0;0;0;0;0;0;0;0;CNY;20151124
CHN;2016;WUH6000;C100511;700;10000001;0;0;0;0;0;0;0;0;0;0;0;0;0;0;0;0;0;0;0;0;0;0;0;0;CNY;20151124
CHN;2016;WUH6000;C090242;441;10000001;0;0;0;0;0;0;0;0;0;0;0;0;0;0;0;0;0;0;0;0;0;0;0;0;CNY;20151124
CHN;2016;WUH6000;C120532;441;10000001;0;0;0;0;0;0;0;0;0;0;0;0;0;0;0;0;0;0;0;0;0;0;0;0;CNY;20151124
CHN;2016;WUH6000;ZB15GMW004;700;10000001;0;0;0;0;0;0;0;0;0;0;0;0;0;0;0;0;0;0;0;0;0;0;0;0;CNY;20151124
CHN;2016;WUH6000;C140151;341;10000001;0;0;0;0;0;0;0;0;0;0;0;0;0;0;0;0;0;0;0;0;0;0;0;0;CNY;20151124
CHN;2016;WUH6000;C120751;441;10000001;0;0;0;0;0;0;0;0;0;0;0;0;0;0;0;0;0;0;0;0;0;0;0;0;CNY;20151124
CHN;2016;WUH6000;C130217;441;10000001;0;0;0;0;0;0;0;0;0;0;0;0;0;0;0;0;0;0;0;0;0;0;0;0;CNY;20151124
CHN;2016;WUH6000;C080041;700;10000001;0;0;0;0;0;0;0;0;0;0;0;0;0;0;0;0;0;0;0;0;0;0;0;0;CNY;20151124
CHN;2016;WUH6000;C090053;700;10000001;0;0;0;0;0;0;0;0;0;0;0;0;0;0;0;0;0;0;0;0;0;0;0;0;CNY;20151124
CHN;2016;WUH6000;C090131;700;10000001;0;0;0;0;0;0;0;0;0;0;0;0;0;0;0;0;0;0;0;0;0;0;0;0;CNY;20151124
CHN;2016;WUH6001;C120450;641;10000001;0;0;0;0;0;0;0;0;0;0;0;0;0;0;0;0;0;0;0;0;0;0;0;0;CNY;20151124
CHN;2016;WUH6001;C120550;541;10000001;0;0;0;0;0;0;0;0;0;0;0;0;0;0;0;0;0;0;0;0;0;0;0;0;CNY;20151124
CHN;2016;WUH6001;C140030;441;10000001;0;0;0;0;0;0;0;0;0;0;0;0;0;0;0;0;0;0;0;0;0;0;0;0;CNY;20151124
CHN;2016;WUH6001;C090280;700;10000001;0;0;0;0;0;0;0;0;0;0;0;0;0;0;0;0;0;0;0;0;0;0;0;0;CNY;20151124
CHN;2016;WUH6001;C130480;341;10000001;0;0;0;0;0;0;0;0;0;0;0;0;0;0;0;0;0;0;0;0;0;0;0;0;CNY;20151124
CHN;2016;WUH6001;C140200;441;10000001;0;0;0;0;0;0;0;0;0;0;0;0;0;0;0;0;0;0;0;0;0;0;0;0;CNY;20151124
CHN;2016;WUH6001;C120643;441;10000001;0;0;0;0;0;0;0;0;0;0;0;0;0;0;0;0;0;0;0;0;0;0;0;0;CNY;20151124
CHN;2016;WUH6001;C140310;241;10000001;0;0;0;0;0;0;0;0;0;0;0;0;0;0;0;0;0;0;0;0;0;0;0;0;CNY;20151124
CHN;2016;WUH6001;C110911;541;10000001;0;0;0;0;0;0;0;0;0;0;0;0;0;0;0;0;0;0;0;0;0;0;0;0;CNY;20151124
CHN;2016;WUH6001;C120020;641;10000001;0;0;0;0;0;0;0;0;0;0;0;0;0;0;0;0;0;0;0;0;0;0;0;0;CNY;20151124
CHN;2016;WUH6001;C130070;441;10000001;0;0;0;0;0;0;0;0;0;0;0;0;0;0;0;0;0;0;0;0;0;0;0;0;CNY;20151124
CHN;2016;WUH6001;C140020;341;10000001;0;0;0;0;0;0;0;0;0;0;0;0;0;0;0;0;0;0;0;0;0;0;0;0;CNY;20151124
CHN;2016;WUH6001;C090106;700;10000001;0;0;0;0;0;0;0;0;0;0;0;0;0;0;0;0;0;0;0;0;0;0;0;0;CNY;20151124
CHN;2016;WUH6001;C120092;441;10000001;0;0;0;0;0;0;0;0;0;0;0;0;0;0;0;0;0;0;0;0;0;0;0;0;CNY;20151124
CHN;2016;WUH6001;C090242;441;10000001;0;0;0;0;0;0;0;0;0;0;0;0;0;0;0;0;0;0;0;0;0;0;0;0;CNY;20151124
CHN;2016;WUH6001;C120532;441;10000001;0;0;0;0;0;0;0;0;0;0;0;0;0;0;0;0;0;0;0;0;0;0;0;0;CNY;20151124
CHN;2016;WUH6001;C140151;341;10000001;0;0;0;0;0;0;0;0;0;0;0;0;0;0;0;0;0;0;0;0;0;0;0;0;CNY;20151124
CHN;2016;WUH6001;C120751;441;10000001;0;0;0;0;0;0;0;0;0;0;0;0;0;0;0;0;0;0;0;0;0;0;0;0;CNY;20151124
CHN;2016;WUH6001;C130217;441;10000001;0;0;0;0;0;0;0;0;0;0;0;0;0;0;0;0;0;0;0;0;0;0;0;0;CNY;20151124
CHN;2016;WUH6001;A140500;000;10000001;0;0;0;0;0;0;0;0;0;0;0;0;0;0;0;0;0;0;0;0;0;0;0;0;CNY;20151124
CHN;2016;WUH6001;ZB15CHN002;000;10000001;0;0;0;0;0;0;0;0;0;0;0;0;0;0;0;0;0;0;0;0;0;0;0;0;CNY;20151124
CHN;2016;WUH6001;A100002;000;10000001;0;0;0;0;0;0;0;0;0;0;0;0;0;0;0;0;0;0;0;0;0;0;0;0;CNY;20151124
CHN;2016;WUH6001;A120502;000;10000001;0;0;0;0;0;0;0;0;0;0;0;0;0;0;0;0;0;0;0;0;0;0;0;0;CNY;20151124
CHN;2016;WUH6001;A120501;000;10000001;0;0;0;0;0;0;0;0;0;0;0;0;0;0;0;0;0;0;0;0;0;0;0;0;CNY;20151124
CHN;2016;WUH3000;C120550;531;10000004;0;0;0;0;0;0;0;0;0;0;0;0;0;0;0;0;0;0;0;0;0;0;0;0;CNY;20151124
CHN;2016;WUH3000;C140030;431;10000004;0;0;0;0;0;0;0;0;0;0;0;0;0;0;0;0;0;0;0;0;0;0;0;0;CNY;20151124
CHN;2016;WUH3000;C140200;431;10000004;0;0;0;0;0;0;0;0;0;0;0;0;0;0;0;0;0;0;0;0;0;0;0;0;CNY;20151124
CHN;2016;WUH3000;C120643;431;10000004;0;0;0;0;0;0;0;0;0;0;0;0;0;0;0;0;0;0;0;0;0;0;0;0;CNY;20151124
CHN;2016;WUH3000;C130290;631;10000004;0;0;0;0;0;0;0;0;0;0;0;0;0;0;0;0;0;0;0;0;0;0;0;0;CNY;20151124
CHN;2016;WUH3000;C140310;231;10000004;0;0;0;0;0;0;0;0;0;0;0;0;0;0;0;0;0;0;0;0;0;0;0;0;CNY;20151124
CHN;2016;WUH3000;C130070;431;10000004;0;0;0;0;0;0;0;0;0;0;0;0;0;0;0;0;0;0;0;0;0;0;0;0;CNY;20151124
CHN;2016;WUH3000;C140020;331;10000004;0;0;0;0;0;0;0;0;0;0;0;0;0;0;0;0;0;0;0;0;0;0;0;0;CNY;20151124
CHN;2016;WUH3000;ZB15CHN003;331;10000004;0;0;0;0;0;0;0;0;0;0;0;0;0;0;0;0;0;0;0;0;0;0;0;0;CNY;20151124
CHN;2016;WUH3000;C120092;431;10000004;0;0;0;0;0;0;0;0;0;0;0;0;0;0;0;0;0;0;0;0;0;0;0;0;CNY;20151124
CHN;2016;WUH3000;C140470;431;10000004;0;0;0;0;0;0;0;0;0;0;0;0;0;0;0;0;0;0;0;0;0;0;0;0;CNY;20151124
CHN;2016;WUH3000;C090242;431;10000004;0;0;0;0;0;0;0;0;0;0;0;0;0;0;0;0;0;0;0;0;0;0;0;0;CNY;20151124
CHN;2016;WUH3000;C120532;431;10000004;0;0;0;0;0;0;0;0;0;0;0;0;0;0;0;0;0;0;0;0;0;0;0;0;CNY;20151124
CHN;2016;WUH3000;C140151;331;10000004;0;0;0;0;0;0;0;0;0;0;0;0;0;0;0;0;0;0;0;0;0;0;0;0;CNY;20151124
CHN;2016;WUH3000;C120751;431;10000004;0;0;0;0;0;0;0;0;0;0;0;0;0;0;0;0;0;0;0;0;0;0;0;0;CNY;20151124
CHN;2016;WUH3000;C130217;431;10000004;0;0;0;0;0;0;0;0;0;0;0;0;0;0;0;0;0;0;0;0;0;0;0;0;CNY;20151124
CHN;2016;SALES;C100190;602;10000006;0;0;0;0;0;0;0;0;0;0;0;0;0;0;0;0;0;0;0;0;0;0;0;0;CNY;20151124
CHN;2016;SALES;C120550;502;10000006;0;0;0;0;0;0;0;0;0;0;0;0;0;0;0;0;0;0;0;0;0;0;0;0;CNY;20151124
CHN;2016;SALES;C140030;402;10000006;0;0;0;0;0;0;0;0;0;0;0;0;0;0;0;0;0;0;0;0;0;0;0;0;CNY;20151124
CHN;2016;SALES;ZB15CHN001;202;10000006;0;0;0;0;0;0;0;0;0;0;0;0;0;0;0;0;0;0;0;0;0;0;0;0;CNY;20151124
CHN;2016;SALES;C140020;302;10000006;0;0;0;0;0;0;0;0;0;0;0;0;0;0;0;0;0;0;0;0;0;0;0;0;CNY;20151124
CHN;2016;SALES;ZB15CHN003;302;10000006;0;0;0;0;0;0;0;0;0;0;0;0;0;0;0;0;0;0;0;0;0;0;0;0;CNY;20151124
CHN;2016;SALES;C120092;402;10000006;0;0;0;0;0;0;0;0;0;0;0;0;0;0;0;0;0;0;0;0;0;0;0;0;CNY;20151124
CHN;2016;SALES;C140470;402;10000006;0;0;0;0;0;0;0;0;0;0;0;0;0;0;0;0;0;0;0;0;0;0;0;0;CNY;20151124
CHN;2016;SALES;C090242;402;10000006;0;0;0;0;0;0;0;0;0;0;0;0;0;0;0;0;0;0;0;0;0;0;0;0;CNY;20151124
CHN;2016;SALES;C120532;402;10000006;0;0;0;0;0;0;0;0;0;0;0;0;0;0;0;0;0;0;0;0;0;0;0;0;CNY;20151124
CHN;2016;SALES;C130217;402;10000006;0;0;0;0;0;0;0;0;0;0;0;0;0;0;0;0;0;0;0;0;0;0;0;0;CNY;20151124
CHN;2016;SALES;C140200;402;10000007;0;0;0;0;0;0;0;0;0;0;0;0;0;0;0;0;0;0;0;0;0;0;0;0;CNY;20151124
CHN;2016;SALES;C130070;402;10000007;0;0;0;0;0;0;0;0;0;0;0;0;0;0;0;0;0;0;0;0;0;0;0;0;CNY;20151124
CHN;2016;SALES;C120092;402;10000007;0;0;0;0;0;0;0;0;0;0;0;0;0;0;0;0;0;0;0;0;0;0;0;0;CNY;20151124
CHN;2016;SALES;C090242;402;10000007;0;0;0;0;0;0;0;0;0;0;0;0;0;0;0;0;0;0;0;0;0;0;0;0;CNY;20151124
CHN;2016;SALES;C140020;302;10000008;0;0;0;0;0;0;0;0;0;0;0;0;0;0;0;0;0;0;0;0;0;0;0;0;CNY;20151124
CHN;2016;SALES;ZB15CHN003;302;10000008;0;0;0;0;0;0;0;0;0;0;0;0;0;0;0;0;0;0;0;0;0;0;0;0;CNY;20151124
